0;8;1
6;1;8
6;8;2
13;11;12
0;1;13
0;13;12
0;12;9
26;35;9
26;9;12
11;16;12
18;27;12
18;12;16
28;19;36
25;36;19
25;19;14
10;37;25
23;3;10
23;10;25
4;23;7
24;34;7
24;7;23
1;5;13
32;29;13
32;13;5
13;30;20
17;11;13
17;13;20
15;21;24
31;33;24
31;24;21
51;49;50
38;39;51
38;51;50
38;50;47
73;47;50
73;50;64
49;54;56
65;50;49
65;49;56
66;57;74
63;74;57
63;57;52
48;75;63
41;48;63
41;63;61
42;61;62
44;42;62
44;62;70
39;45;51
71;67;51
71;51;45
51;68;49
58;55;49
58;49;68
52;56;54
53;52;54
53;54;59
53;60;62
72;62;60
72;60;69
53;62;61
63;52;53
63;53;61
76;84;77
81;77;84
81;84;78
76;88;85
111;85;88
111;88;102
87;92;94
103;88;87
103;87;94
104;95;112
101;112;95
101;95;90
86;113;101
79;86;101
79;101;99
80;99;100
82;80;100
82;100;108
77;83;89
109;105;89
109;89;83
89;106;87
96;93;87
96;87;106
90;94;92
91;90;92
91;92;97
91;98;100
110;100;98
110;98;107
91;100;99
101;90;91
101;91;99
14;18;114;115
18;16;116;114
16;22;117;116
22;15;118;117
15;14;115;118
38;46;120;119
46;40;121;120
40;43;122;121
43;39;123;122
39;38;119;123
159;160;119;120
160;161;123;119
161;162;122;123
162;163;121;122
163;159;120;121
115;114;125;124
114;116;126;125
116;117;127;126
117;118;128;127
118;115;124;128
124;125;130;129
125;126;131;130
126;127;132;131
127;128;133;132
128;124;129;133
129;130;135;134
130;131;136;135
131;132;137;136
132;133;138;137
133;129;134;138
134;135;140;139
135;136;141;140
136;137;142;141
137;138;143;142
138;134;139;143
139;140;145;144
140;141;146;145
141;142;147;146
142;143;148;147
143;139;144;148
144;145;150;149
145;146;151;150
146;147;152;151
147;148;153;152
148;144;149;153
149;150;155;154
150;151;156;155
151;152;157;156
152;153;158;157
153;149;154;158
154;155;160;159
155;156;161;160
156;157;162;161
157;158;163;162
158;154;159;163
15;24;164;165
24;23;166;164
23;25;167;166
25;14;168;167
14;15;165;168
89;87;170;169
87;88;171;170
88;76;172;171
76;77;173;172
77;89;169;173
219;220;169;170
220;221;173;169
221;222;172;173
222;223;171;172
223;219;170;171
165;164;175;174
164;166;176;175
166;167;177;176
167;168;178;177
168;165;174;178
174;175;180;179
175;176;181;180
176;177;182;181
177;178;183;182
178;174;179;183
179;180;185;184
180;181;186;185
181;182;187;186
182;183;188;187
183;179;184;188
184;185;190;189
185;186;191;190
186;187;192;191
187;188;193;192
188;184;189;193
189;190;195;194
190;191;196;195
191;192;197;196
192;193;198;197
193;189;194;198
194;195;200;199
195;196;201;200
196;197;202;201
197;198;203;202
198;194;199;203
199;200;205;204
200;201;206;205
201;202;207;206
202;203;208;207
203;199;204;208
204;205;210;209
205;206;211;210
206;207;212;211
207;208;213;212
208;204;209;213
209;210;215;214
210;211;216;215
211;212;217;216
212;213;218;217
213;209;214;218
214;215;220;219
215;216;221;220
216;217;222;221
217;218;223;222
218;214;219;223
