-443.443146, -134.550781, -799.391785
-443.443146, -134.550781, -799.391785
-443.443146, -134.550781, -799.391785
-443.443146, -134.550781, -799.391785
-443.443146, -85.717209, -799.391785
-443.443146, -85.717209, -799.391785
-419.026367, -149.641144, -838.898926
-419.026367, -149.641144, -838.898926
-419.026367, -149.641144, -838.898926
-419.026367, -149.641144, -838.898926
-419.026367, -149.641144, -838.898926
-419.026367, -149.641144, -759.884583
-419.026367, -149.641144, -759.884583
-419.026367, -149.641144, -759.884583
-419.026367, -149.641144, -759.884583
-419.026367, -70.626808, -838.898926
-419.026367, -70.626808, -838.898926
-419.026367, -70.626808, -838.898926
-419.026367, -70.626808, -838.898926
-419.026367, -70.626808, -759.884583
-419.026367, -70.626808, -759.884583
-403.935944, -110.133995, -863.315735
-403.935944, -110.133995, -863.315735
-403.935944, -110.133995, -735.467834
-403.935944, -110.133995, -735.467834
-379.519165, -174.057922, -823.808533
-379.519165, -174.057922, -823.808533
-379.519165, -174.057922, -823.808533
-379.519165, -174.057922, -774.974976
-379.519165, -174.057922, -774.974976
-379.519165, -46.209965, -823.808533
-379.519165, -46.209965, -823.808533
-379.519165, -46.209965, -823.808533
-379.519165, -46.209965, -774.974976
-379.519165, -46.209965, -774.974976
-369.513519, -52.393856, -815.262634
-369.513519, -52.393856, -815.262634
-369.513519, -52.393856, -815.262634
-369.513519, -52.393856, -783.520874
-369.513519, -52.393856, -783.520874
-355.102386, -110.133995, -863.315735
-355.102386, -110.133995, -863.315735
-355.102386, -110.133995, -735.467834
-355.102386, -110.133995, -735.467834
-343.868195, -11.477726, -784.963684
-343.868195, -11.477726, -784.963684
-343.868195, -11.477726, -784.963684
-343.833893, -68.264717, -825.071472
-343.833893, -68.264717, -825.071472
-343.833893, -68.264717, -825.071472
-343.833893, -68.264717, -773.712036
-343.833893, -68.264717, -773.712036
-343.833893, -68.264717, -773.712036
-342.576843, -12.577363, -816.154419
-342.576843, -12.577363, -816.154419
-340.012024, -149.641144, -838.898926
-340.012024, -149.641144, -838.898926
-340.012024, -149.641144, -759.884583
-340.012024, -70.626808, -838.898926
-340.012024, -70.626808, -759.884583
-327.962921, -78.073555, -799.391785
-327.962921, -78.073555, -799.391785
-319.577637, -27.550756, -773.712036
-319.577637, -27.550756, -773.712036
-317.48822, -29.330029, -824.179749
-317.48822, -29.330029, -824.179749
-315.595245, -134.550781, -799.391785
-314.115997, 24.791969, -786.406433
-314.115997, 24.791969, -786.406433
-314.115997, 24.791969, -786.406433
-312.08667, 22.073645, -817.046082
-312.08667, 22.073645, -817.046082
-303.273865, -38.584023, -797.948975
-293.28186, 6.059868, -773.712036
-293.28186, 6.059868, -773.712036
-289.99826, 1.661561, -823.288025
-289.99826, 1.661561, -823.288025
-278.873718, 52.355156, -787.849243
-278.873718, 52.355156, -787.849243
-278.873718, 52.355156, -787.849243
-278.376251, -8.23544, -796.506104
-276.937256, 47.649597, -817.937805
-276.937256, 47.649597, -817.937805
-263.803009, 30.056499, -773.712036
-263.803009, 30.056499, -773.712036
-260.669769, 22.442877, -822.396301
-260.669769, 22.442877, -822.396301
-252.552292, 11.569738, -795.063293
-239.735626, 69.673714, -789.292053
-239.735626, 69.673714, -789.292053
-239.735626, 69.673714, -789.292053
-238.340515, 63.034233, -818.829468
-238.340515, 63.034233, -818.829468
-231.029541, 45.269051, -773.712036
-231.029541, 45.269051, -773.712036
-228.772095, 34.526119, -821.504639
-228.772095, 34.526119, -821.504639
-224.253693, 23.546707, -793.620483
-200.216415, 79.031853, -790.734863
-200.216415, 79.031853, -790.734863
-200.216415, 79.031853, -790.734863
-199.009399, 70.637527, -819.721191
-199.009399, 70.637527, -819.721191
-195.623291, 54.523174, -773.712036
-195.623291, 54.523174, -773.712036
-193.670273, 40.94088, -820.612915
-193.670273, 40.94088, -820.612915
-191.577454, 30.981653, -792.177673
-163.224747, 85.197121, -792.177673
-163.224747, 85.197121, -792.177673
-163.224747, 85.197121, -792.177673
-161.132004, 75.237907, -820.612915
-161.132004, 75.237907, -820.612915
-159.17897, 61.655678, -773.712036
-159.17897, 61.655678, -773.712036
-155.792801, 45.54126, -819.721191
-155.792801, 45.54126, -819.721191
-154.585785, 37.146996, -790.734863
-130.548569, 92.632149, -793.620483
-130.548569, 92.632149, -793.620483
-130.548569, 92.632149, -793.620483
-126.030106, 81.652672, -821.504639
-126.030106, 81.652672, -821.504639
-123.772713, 70.909737, -773.712036
-123.772713, 70.909737, -773.712036
-116.461761, 53.144539, -818.829468
-116.461761, 53.144539, -818.829468
-115.066566, 46.505062, -789.292053
-102.249916, 104.609047, -795.063293
-102.249916, 104.609047, -795.063293
-102.249916, 104.609047, -795.063293
-94.132523, 93.735901, -822.396301
-94.132523, 93.735901, -822.396301
-90.999252, 86.122269, -773.712036
-90.999252, 86.122269, -773.712036
-77.86496, 68.529106, -817.937805
-77.86496, 68.529106, -817.937805
-76.426102, 124.41423, -796.506104
-76.426102, 124.41423, -796.506104
-76.426102, 124.41423, -796.506104
-75.92849, 63.823696, -787.849243
-64.804008, 114.51722, -823.288025
-64.804008, 114.51722, -823.288025
-61.520473, 110.118904, -773.712036
-61.520473, 110.118904, -773.712036
-51.528408, 154.762802, -797.948975
-51.528408, 154.762802, -797.948975
-51.528408, 154.762802, -797.948975
-42.71558, 94.105141, -817.046082
-42.71558, 94.105141, -817.046082
-40.686195, 91.386894, -786.406433
-39.207043, 201.895981, -799.391785
-39.207043, 201.895981, -799.391785
-39.207043, 201.895981, -799.391785
-39.207043, 201.895981, -799.391785
-39.207043, 201.895981, -799.391785
-39.207043, 201.895981, -799.391785
-37.314041, 145.508804, -824.179688
-37.314041, 145.508804, -824.179688
-35.224644, 143.729462, -773.712036
-35.224644, 143.729462, -773.712036
-26.839352, 194.252319, -799.391785
-26.839352, 194.252319, -799.391785
-14.790264, 186.805588, -838.898926
-14.790264, 186.805588, -838.898926
-14.790264, 186.805588, -838.898926
-14.790264, 186.805588, -838.898926
-14.790264, 186.805588, -838.898926
-14.790264, 186.805588, -759.884583
-14.790264, 186.805588, -759.884583
-14.790264, 186.805588, -759.884583
-14.790264, 186.805588, -759.884583
-14.790264, 186.805588, -759.884583
-14.790264, 186.805588, -759.884583
-14.790264, 265.819946, -838.898926
-14.790264, 265.819946, -838.898926
-14.790264, 265.819946, -838.898926
-14.790264, 265.819946, -838.898926
-14.790264, 265.819946, -838.898926
-14.790264, 265.819946, -759.884583
-14.790264, 265.819946, -759.884583
-12.225357, 128.75621, -816.154419
-12.225357, 128.75621, -816.154419
-10.968463, 184.443573, -825.071472
-10.968463, 184.443573, -773.712036
-10.934043, 127.656502, -784.963684
0.300129, 226.312759, -863.315735
0.300129, 226.312759, -735.467834
14.711233, 168.572617, -815.262634
14.711233, 168.572617, -815.262634
14.711233, 168.572617, -783.520874
24.716911, 162.388809, -823.808533
24.716911, 162.388809, -823.808533
24.716911, 162.388809, -823.808533
24.716911, 162.388809, -774.974976
24.716911, 162.388809, -774.974976
24.716911, 290.236725, -823.808533
24.716911, 290.236725, -823.808533
24.716911, 290.236725, -823.808533
24.716911, 290.236725, -774.974976
34.722591, 168.572617, -815.262634
34.722591, 168.572617, -815.262634
34.722591, 168.572617, -815.262634
34.722591, 168.572617, -783.520874
34.722591, 168.572617, -783.520874
49.133694, 226.312759, -863.315735
49.133694, 226.312759, -735.467834
60.402287, 184.443573, -825.071472
60.402287, 184.443573, -825.071472
60.402287, 184.443573, -825.071472
60.402287, 184.443573, -773.712036
60.402287, 184.443573, -773.712036
60.402287, 184.443573, -773.712036
64.224091, 186.805588, -838.898926
64.224091, 186.805588, -838.898926
64.224091, 186.805588, -759.884583
64.224091, 265.819946, -838.898926
64.224091, 265.819946, -838.898926
64.224091, 265.819946, -838.898926
64.224091, 265.819946, -759.884583
64.224091, 265.819946, -759.884583
66.016975, 119.742416, -785.284302
66.016975, 119.742416, -785.284302
66.016975, 119.742416, -785.284302
67.509201, 121.181458, -816.3526
67.509201, 121.181458, -816.3526
76.273178, 194.252319, -799.391785
76.273178, 194.252319, -799.391785
88.640869, 201.895981, -799.391785
89.849861, 136.046112, -773.712036
89.849861, 136.046112, -773.712036
92.26429, 138.374527, -823.981628
92.26429, 138.374527, -823.981628
103.766022, 79.087769, -787.047668
103.766022, 79.087769, -787.047668
103.766022, 79.087769, -787.047668
105.797386, 82.702156, -817.442444
105.797386, 82.702156, -817.442444
106.071655, 147.561386, -797.628296
122.698669, 99.000786, -773.712036
122.698669, 99.000786, -773.712036
125.985428, 104.848953, -822.891724
125.985428, 104.848953, -822.891724
136.430969, 114.922043, -795.864868
148.727631, 52.2458, -788.811157
148.727631, 52.2458, -788.811157
148.727631, 52.2458, -788.811157
150.308197, 58.260738, -818.532227
150.308197, 58.260738, -818.532227
160.168457, 75.805313, -773.712036
160.168457, 75.805313, -773.712036
162.725769, 85.537682, -821.801819
162.725769, 85.537682, -821.801819
168.819733, 96.380867, -794.10144
196.009018, 38.368992, -790.574524
196.009018, 38.368992, -790.574524
196.009018, 38.368992, -790.574524
197.350296, 46.552013, -819.62207
197.350296, 46.552013, -819.62207
201.61264, 62.772644, -773.712036
201.61264, 62.772644, -773.712036
203.782837, 76.012932, -820.711975
203.782837, 76.012932, -820.711975
206.417068, 86.037842, -792.338013
239.942017, 30.140945, -792.338013
239.942017, 30.140945, -792.338013
239.942017, 30.140945, -792.338013
242.576248, 40.165852, -820.711975
242.576248, 40.165852, -820.711975
244.746445, 53.406143, -773.712036
244.746445, 53.406143, -773.712036
249.008728, 69.62677, -819.62207
249.008728, 69.62677, -819.62207
250.350067, 77.809731, -790.574524
277.539276, 19.797918, -794.10144
277.539276, 19.797918, -794.10144
277.539276, 19.797918, -794.10144
283.63324, 30.641087, -821.801819
283.63324, 30.641087, -821.801819
286.190643, 40.373474, -773.712036
286.190643, 40.373474, -773.712036
296.050842, 57.917984, -818.532227
296.050842, 57.917984, -818.532227
297.631378, 63.932907, -788.811157
309.928101, 1.256747, -795.864868
309.928101, 1.256747, -795.864868
309.928101, 1.256747, -795.864868
320.373657, 11.329832, -822.891724
320.373657, 11.329832, -822.891724
323.6604, 17.178003, -773.712036
323.6604, 17.178003, -773.712036
340.287506, -31.382603, -797.628296
340.287506, -31.382603, -797.628296
340.287506, -31.382603, -797.628296
340.561707, 33.476631, -817.442444
340.561707, 33.476631, -817.442444
342.593018, 37.091022, -787.047668
354.094818, -22.195744, -823.981628
354.094818, -22.195744, -823.981628
356.509216, -19.867321, -773.712036
356.509216, -19.867321, -773.712036
357.718231, -134.550781, -799.391785
357.718231, -134.550781, -799.391785
357.718231, -134.550781, -799.391785
357.718231, -134.550781, -799.391785
357.718231, -85.717209, -799.391785
357.718231, -85.717209, -799.391785
357.718231, -85.717209, -799.391785
370.085907, -78.073555, -799.391785
370.085907, -78.073555, -799.391785
378.849884, -5.002682, -816.3526
378.849884, -5.002682, -816.3526
380.342102, -3.5637, -785.284302
382.13501, -149.641144, -838.898926
382.13501, -149.641144, -838.898926
382.13501, -149.641144, -838.898926
382.13501, -149.641144, -838.898926
382.13501, -149.641144, -838.898926
382.13501, -149.641144, -759.884583
382.13501, -149.641144, -759.884583
382.13501, -149.641144, -759.884583
382.13501, -149.641144, -759.884583
382.13501, -70.626808, -838.898926
382.13501, -70.626808, -838.898926
382.13501, -70.626808, -838.898926
382.13501, -70.626808, -759.884583
382.13501, -70.626808, -759.884583
382.13501, -70.626808, -759.884583
385.956787, -68.264717, -825.071472
385.956787, -68.264717, -773.712036
397.225403, -110.133995, -863.315735
397.225403, -110.133995, -863.315735
397.225403, -110.133995, -735.467834
397.225403, -110.133995, -735.467834
411.636505, -52.393856, -815.262634
411.636505, -52.393856, -815.262634
411.636505, -52.393856, -783.520874
421.642181, -174.057922, -823.808533
421.642181, -174.057922, -823.808533
421.642181, -174.057922, -823.808533
421.642181, -174.057922, -774.974976
421.642181, -174.057922, -774.974976
421.642181, -46.209965, -823.808533
421.642181, -46.209965, -823.808533
421.642181, -46.209965, -823.808533
421.642181, -46.209965, -774.974976
446.05896, -110.133995, -863.315735
446.05896, -110.133995, -863.315735
446.05896, -110.133995, -735.467834
446.05896, -110.133995, -735.467834
461.149353, -149.641144, -838.898926
461.149353, -149.641144, -838.898926
461.149353, -149.641144, -759.884583
461.149353, -70.626808, -838.898926
461.149353, -70.626808, -838.898926
461.149353, -70.626808, -759.884583
485.566132, -134.550781, -799.391785
-443.443146, -85.717209, -799.391785
-443.443146, -85.717209, -799.391785
-419.026367, -70.626808, -838.898926
-419.026367, -70.626808, -759.884583
-403.935944, -110.133995, -863.315735
-403.935944, -110.133995, -735.467834
-355.102386, -110.133995, -863.315735
-355.102386, -110.133995, -735.467834
-340.012024, -149.641144, -759.884583
-39.207043, 250.729553, -799.391785
-39.207043, 250.729553, -799.391785
-14.790264, 265.819946, -838.898926
-14.790264, 265.819946, -759.884583
0.300129, 226.312759, -863.315735
0.300129, 226.312759, -735.467834
49.133694, 226.312759, -863.315735
49.133694, 226.312759, -735.467834
64.224091, 186.805588, -759.884583
357.718231, -85.717209, -799.391785
357.718231, -85.717209, -799.391785
382.13501, -70.626808, -838.898926
382.13501, -70.626808, -759.884583
397.225403, -110.133995, -863.315735
397.225403, -110.133995, -735.467834
446.05896, -110.133995, -863.315735
446.05896, -110.133995, -735.467834
461.149353, -149.641144, -759.884583
